57661.0100 292.25501 -51.97049  0.0140   16.0  -3 ASASSN-16lc Ia
57660.4600  37.32283  18.08788  0.0180   16.3  -7 ASASSN-16la Ia
57660.2800  91.11725 -20.34026  0.0097   15.9  -1 ASASSN-16kz Ia
57658.2300  76.91450 -19.54886  0.0304   17.1   2 ASASSN-16kv Ia
57658.3400  77.02175 -41.68713  0.0445   17.1   5 ASASSN-16kw Ia
57643.3400  28.30225 -49.56096  0.0206   16.3   0 ASASSN-16km Ia
57640.2500  62.63121 -54.68520  0.0437   16.9  -1 ASASSN-16kk Ia-91T
57639.3600 354.48592  27.27715  0.0280   17.0  -7 ASASSN-16ke Ia-91T
57636.5000  31.71334  14.72265  0.0348   17.0  -6 ASASSN-16jw Ia
57631.0900 334.95590 -40.66795  0.0108   16.2   0 ASASSN-16jt IIn-09ip
57630.4100 121.28800 -22.59977  0.0240   16.1  -1 ASASSN-16jq Ia
57627.5800 356.79882  10.08324  0.0340   17.2  -8 ASASSN-16jj Ia
57625.2500  11.73465 -33.79321  0.0389   16.8  -5 ASASSN-16jh Ia
57623.2500 339.24641 -25.23211  0.0114   15.5  -2 ASASSN-16jf Ia
57621.3300 256.45255  69.84832  0.0000   16.9   0 ASASSN-16je Ia
57622.1700 310.16615 -54.31082  0.0109   17.0  -4 ASASSN-16jc Ia
57609.3200 358.78179 -31.57750  0.0286   16.6  -5 ASASSN-16iq Ia
57609.2100  36.84042 -23.92925  0.0170   16.3  -5 ASASSN-16ip Ia
57608.4300 280.00464  54.21739  0.0320   17.0   4 ASASSN-16io Ia
57608.4100  74.87529 -28.86095  0.0161   17.0   0 ASASSN-16in IIn
57607.3200 241.05979  16.69002  0.0445   17.5   0 ASASSN-16ie Ia
57607.4000  89.74471 -52.43847  0.0320   16.7   0 ASASSN-16if Ia
57606.2200  18.56475 -16.41600  0.0470   16.8   0 ASASSN-16ic Ia
57601.3500 348.93950  -1.33965  0.0253   16.8  -6 ASASSN-16hz Ia
57603.2100 231.62301  41.73425  0.0078   16.5   1 ASASSN-16hy II
57598.3400 328.36618 -34.40582  0.0150   14.9  -5 ASASSN-16hw Ia
57595.4200 336.38233  38.98431  0.0400   16.8 -11 ASASSN-16hr Ia
57595.0800 203.66100 -23.68141  0.0087   16.2   0 ASASSN-16hp Ia
57593.3200   1.01606 -34.81440  0.0232   16.6   0 ASASSN-16hn II
57586.5400  31.15587  21.58606  0.0320   16.9  -2 ASASSN-16hh Ia
57577.5900  27.71545  22.56680  0.0290   16.8   6 ASASSN-16hd Ia
57576.3100 209.76856  33.13897  0.0510   17.4  -5 ASASSN-16hc Ia-91T
57576.3700  15.87614 -47.02432  0.0225   16.3   5 ASASSN-16ha Ia
57575.4200  68.61479 -21.21530  0.0330   16.6   7 ASASSN-16gz Ia
57575.5900  35.34486  16.56516  0.0137   16.1   0 ASASSN-16gy II
57574.5800  26.71712  33.38932  0.0373   17.2   2 ASASSN-16gv Ia
57566.1900 212.90043 -30.39808  0.0231   16.7   3 ASASSN-16gq Ia
57566.1600 199.17821 -55.29997  0.0160   16.6  25 ASASSN-16gp Ia
57566.1300 195.68442 -26.94078  0.0161   16.4   0 ASASSN-16go II
57565.2700 181.73994  27.30137  0.0560   17.3   0 ASASSN-16gn IIn
57563.3100 300.95512 -60.25566  0.0360   16.5  -6 ASASSN-16gm Ia
57544.4500 220.44415  19.25185  0.0306   17.5   0 ASASSN-16gf Ia
57547.4300  30.18733 -46.28029  0.0390   17.2 -11 ASASSN-16fx Ia
57545.2800 277.04350 -71.69411  0.0120   15.6  -2 ASASSN-16fv Ia
57544.5800 359.05723  -0.54123  0.0222   17.2  -3 ASASSN-16ft II
57542.4300 221.77658  11.59498  0.0291   16.8  -3 ASASSN-16fs Ia
57536.3000 170.07954  12.98256  0.0024   16.7  -3 ASASSN-16fq IIP
57535.5500 329.76725  18.18625  0.0036   15.7   0 ASASSN-16fp Ic-BL
57534.2300 203.14922  -5.27259  0.0296   16.8  -5 ASASSN-16fo Ia-91T
57534.2100 194.24536 -15.53625  0.0212   16.2  -8 ASASSN-16fn Ia
57533.0500 151.72688 -15.71685  0.0294   16.4  -2 ASASSN-16fl Ia
57528.5400 277.50993  39.96509  0.0183   16.3  -5 ASASSN-16fj Ia
57523.4200   0.52335 -26.98009  0.0335   16.3   0 ASASSN-16fh Unk
57524.3100   1.31718 -16.49250  0.0249   16.5   3 ASASSN-16fg Ia
57522.1500 187.97348 -51.74745  0.0087   16.1   5 ASASSN-16ff Ib
57523.3500 345.29766 -37.26916  0.0386   17.0 -11 ASASSN-16fe Ia
57523.3800 335.37219 -22.26279  0.0239   16.3   3 ASASSN-16fd Ia
57523.3500 232.96351  37.41330  0.0300   17.6  -3 ASASSN-16fc Ia
57520.3600 171.39892  32.32152  0.0343   16.9  -2 ASASSN-16fa Ia
57511.4300 257.59966  26.39664  0.0400   17.5 -11 ASASSN-16ex Ia-09dc
57508.2100 131.04604  34.71550  0.0141   17.1  -3 ASASSN-16eu IIP
57505.2700 155.00717  56.46104  0.0249   17.2   0 ASASSN-16et Ia
57505.3900 177.72721   2.30734  0.0150   16.9  -1 ASASSN-16es Ia
57500.6200 331.14911  42.32564  0.0143   16.4  -4 ASASSN-16eq Ia
57481.0900  85.80325 -41.52104  0.0370   17.0   9 ASASSN-16eo Ia
57492.4100 203.05916  84.67843  0.0234   17.0  -1 ASASSN-16em Ia
57491.2600 134.16283  52.10278  0.0135   16.4   0 ASASSN-16el II
57490.2900 110.10128  32.85032  0.0142   16.5 -18 ASASSN-16ek IIb
57489.5600 287.65553  37.65473  0.0280   16.9  -8 ASASSN-16ej Ia
57488.4400 235.12180   0.91011  0.0117   16.4   0 ASASSN-16eh II
57484.2400 195.79442 -21.98683  0.0238   16.8  -2 ASASSN-16ec Ia
57480.9800  50.55354 -44.09465  0.0300   16.3   0 ASASSN-16dx Ia+CSM
57481.2900 202.50342 -27.97390  0.0347   16.9   0 ASASSN-16dw Ia
57478.4700 224.92554   4.08558  0.0326   16.8   5 ASASSN-16dp Ia
57477.1900 162.20599 -20.26363  0.0120   16.3  -6 ASASSN-16dn Ia
57477.2900 174.33600  -4.91023  0.0183   16.3   0 ASASSN-16dm IIP
57457.5800 206.25217  61.28025  0.0348   16.8  -9 ASASSN-16cy Ia
57453.3800 278.98645 -63.37393  0.0111   16.9  47 ASASSN-16cu Ia
57453.4100 228.47636   4.75719  0.0419   17.2  -8 ASASSN-16ct Ia
57453.3400 102.65304  31.11238  0.0210   17.2 -12 ASASSN-16cs Ia
57453.3600 175.64438 -25.91256  0.0150   17.0   0 ASASSN-16cr II
57451.4000 214.83732 -20.95123  0.0271   16.8  -4 ASASSN-16cn Ia
57451.3800 229.86204  -0.92492  0.0297   17.0  -3 ASASSN-16cm Ia
57444.2400  49.83884  41.49045  0.0127   16.5  -6 ASASSN-16ci Ia
57448.6000 197.99167  14.56638  0.0264   16.9 -10 ASASSN-16ch Ia
57444.1900  86.59961 -52.08857  0.0040   15.8  -5 ASASSN-16cc II
57436.6500 289.86037  52.32823  0.0266   16.9   9 ASASSN-16bx Ia
57435.3700 197.10583 -41.98058  0.0100   16.9   0 ASASSN-16bw IIn
57434.0400  26.07021 -41.89361  0.0290   16.5  -8 ASASSN-16bv Ia-91T
57430.5600 236.37608 -13.15222  0.0285   16.8  -6 ASASSN-16br Ia
57430.5200 212.86038   1.28596  0.0250   17.3  -1 ASASSN-16bq Ia
57427.6100 211.68486  71.88757  0.0342   16.7   8 ASASSN-16bp Ia
57427.2400  47.64375   4.26970  0.0232   15.9  -2 ASASSN-16bn Ia
57426.2100 177.98432 -13.41752  0.0070   17.0   3 ASASSN-16bm II
57426.2200 175.61117 -36.90650  0.0295   17.3   0 ASASSN-16bl Ia
57424.4700 194.85458  27.74027  0.0202   17.4  14 ASASSN-16bg Ia
57420.2800 181.35761 -21.40033  0.0319   17.0 -10 ASASSN-16bc Ia
57418.6000 211.48792  43.88394  0.0337   16.6  -7 ASASSN-16bb Ia-91T
57416.3400 145.62175 -16.97413  0.0139   16.8   5 ASASSN-16ba II
57416.3800 172.64054 -42.55873  0.0341   16.9   9 ASASSN-16az Ia
57415.4100 108.05978   7.23978  0.0283   16.7  -2 ASASSN-16ay Ia
57413.2300  22.84658  60.32046  0.0187   16.0  -5 ASASSN-16ax Ia
57416.2700  84.98938 -40.51607  0.0373   17.0  -1 ASASSN-16aw Ia
57405.4400 177.86750  22.02636  0.0257   16.5  -7 ASASSN-16av Ia
57407.5900 193.81458   0.09992  0.0044   15.1   0 ASASSN-16at II
57404.2100  67.12847 -17.65649  0.0311   17.0   1 ASASSN-16ar Ia
57402.3600  71.33866  73.39475  0.0150   17.4   2 ASASSN-16am II
57402.3600 225.11445 -13.55250  0.0093   17.0   0 ASASSN-16al IIP
57401.2100  65.45089 -15.75535  0.0307   17.0  -2 ASASSN-16aj Ia
57399.5800 219.93638  23.39535  0.0149   17.0   0 ASASSN-16ai IIP
57398.3400  86.93908  53.60896  0.0340   16.8  -8 ASASSN-16ah Ia
57396.2800  24.88346  33.82668  0.0161   16.2   0 ASASSN-16ad Ia
57390.6200 178.76769   1.71855  0.0043   14.7  -4 ASASSN-16ab II
57389.4200 122.31062   0.28072  0.0174   16.8  -4 ASASSN-16aa Ia
57387.6300 218.06379  26.32556  0.0160   16.6   0 ASASSN-15uy IIb
57387.2700  38.89295  -6.06305  0.0308   17.2  -9 ASASSN-15uw Ia
57387.3800 126.78388  27.81159  0.0203   16.4   0 ASASSN-15uv Ia
57385.3400  25.98572  17.06234  0.0268   16.7  -2 ASASSN-15uu Ia
57386.1200   5.33788 -48.64176  0.0115   16.8   0 ASASSN-15ut Ia-91T
57385.0300 332.28993 -47.13373  0.0058   14.7  -2 ASASSN-15us Ia
57385.2100 107.49452 -65.13249  0.0220   16.2  -5 ASASSN-15uq Ia
57385.2000  66.41358 -49.77208  0.0340   16.4  -4 ASASSN-15up Ia
57385.0600  19.24997  -4.94270  0.0380   16.7   0 ASASSN-15uo IIn-pec
57384.2200  40.17242  16.83106  0.0292   17.0   0 ASASSN-15un II
57384.1900  85.02213 -80.37315  0.0200   16.0  -7 ASASSN-15um Ic
57379.6400 225.11533   6.45536  0.0298   16.9   0 ASASSN-15ul Ia
57379.6500 222.06952  17.20982  0.0370   16.8   6 ASASSN-15uk Ia
57374.5000 142.55706  69.11737  0.0135   16.5 -11 ASASSN-15uh Ia-91T
57374.3400 101.25701  63.24997  0.0220   16.4   0 ASASSN-15ug II
57370.5500 166.80446  65.09950  0.0320   16.6  -2 ASASSN-15ub Ia
57368.6300 203.72697  10.98464  0.0610   16.9   0 ASASSN-15ua IIn
57368.3700  40.28692  43.68022  0.0229   17.3 -10 ASASSN-15tz Ia
57364.6300 192.61688 -10.84143  0.0080   16.4   7 ASASSN-15tw IIP
57364.0900 338.51075 -32.39822  0.0126   16.3 -10 ASASSN-15tu IIb
57364.1100  99.50621 -37.65859  0.0340   17.1   5 ASASSN-15tt Ia
57362.2700  53.67508 -20.84640  0.0600   17.3   0 ASASSN-15ts Ia
57362.2800 347.54758  30.57958  0.0230   16.0  -1 ASASSN-15tn Ia
57360.2500 351.89833  29.40866  0.0160   17.2  -5 ASASSN-15tm IIP
57359.5400 118.86946  52.15790  0.0223   16.5 -10 ASASSN-15tj Ia
57357.3800  46.28580  37.89995  0.0160   16.6  -2 ASASSN-15ti Ia
57356.2100   5.17108  25.22906  0.0356   16.9  -8 ASASSN-15tg Ia
57355.0400 322.33463 -23.09430  0.0353   17.1  -1 ASASSN-15tf Ia
57349.6500 190.24245  -6.69301  0.0246   16.5  -4 ASASSN-15tb Ia
57340.0900 307.38894 -61.95102  0.0150   16.8 -15 ASASSN-15ta Ib
57345.2100   3.05986 -27.19315  0.0348   16.4  -2 ASASSN-15sx Ia
57337.3100  93.13916 -14.25748  0.0356   17.1  -2 ASASSN-15ss Ia
57334.6200 168.54588  48.31877  0.0071   15.1   0 ASASSN-15so Ia
57328.0100 293.02920 -62.44166  0.0330   16.6   7 ASASSN-15sh Ia-91T
57325.0900   2.86509  -6.42731  0.0270   16.5  -4 ASASSN-15sf Ia
57318.3400  90.20040 -15.39924  0.0227   16.7   0 ASASSN-15sb Ia
57319.4900  33.99368  12.23717  0.0189   16.0  -9 ASASSN-15rw Ia
57319.1900  65.73012 -52.50309  0.0400   16.8   5 ASASSN-15rv Ia
57316.0000   2.01308 -36.56439  0.0250   16.0  -6 ASASSN-15rq Ia
57297.0300   0.90521 -34.55673  0.0289   17.4   0 ASASSN-15rp II
57314.5600  94.01604 -16.82494  0.0208   16.9   6 ASASSN-15rm Ia
57308.3000 312.03242  16.38370  0.0303   16.8  -9 ASASSN-15re Ia
57307.6200 152.03433  19.29983  0.0336   16.7   0 ASASSN-15rb IIn
57306.1100  21.40038 -41.46551  0.0216   17.1  -1 ASASSN-15qz IIb
57306.3100   0.32623 -33.35075  0.0300   16.9  -3 ASASSN-15qy Ia
57299.1100 341.30507 -22.72773  0.0102   16.5   4 ASASSN-15qh II
57296.4800   9.82485   3.95017  0.0176   15.6  -6 ASASSN-15qc Ia
57292.1600  47.20185 -35.23080  0.0149   16.4  -2 ASASSN-15pz Ia
57290.6100 121.33125  22.96378  0.0447   17.1   0 ASASSN-15py Ia
57282.3700  93.69248 -66.21694  0.0400   17.5   1 ASASSN-15ps Ia
57278.1700 346.66457 -12.57289  0.0331   16.6  -6 ASASSN-15pr Ia
57277.3100  85.04150 -55.54301  0.0240   16.4  -1 ASASSN-15pp Ia
57276.6100  60.85967  -5.49203  0.0384   17.7  -4 ASASSN-15pn Ia
57276.5600  24.65033  -4.68001  0.0488   17.3  -2 ASASSN-15pm Ia
57276.3600  37.59655 -20.68335  0.0162   16.2   0 ASASSN-15pl Ia
57274.4800 332.27911   1.74466  0.0410   17.5   4 ASASSN-15ph Ia
57273.2400   1.65475 -44.50907  0.0394   17.4   4 ASASSN-15pf Ia
57272.2800 260.06397  39.26094  0.0379   16.7   4 ASASSN-15pe Ia
57265.0900 289.88977 -33.76706  0.0069   14.6   2 ASASSN-15oz II
57261.3600  50.16361 -32.19854  0.0465   17.1   0 ASASSN-15ox Ia
57258.3900  52.74646 -18.55644  0.0255   17.1 -12 ASASSN-15ov II
57257.3100  51.85813 -47.82881  0.0480   16.9   8 ASASSN-15ou Ia-91T
57256.1200 313.53350 -55.27470  0.0390   17.1  -2 ASASSN-15os Ia
57250.2100 249.15065  55.55276  0.0330   16.6   1 ASASSN-15on Ia
57249.4200  33.28113 -45.30223  0.0417   17.1   1 ASASSN-15om Ia
57249.2000  28.52517 -56.69513  0.0198   16.4  -8 ASASSN-15ol Ia
57248.4200 337.67490  39.29312  0.0168   16.5  -5 ASASSN-15oh Ia
57247.2900  50.28099 -31.31268  0.0683   16.8  14 ASASSN-15og Ia+CSM/IIn
57244.5100  35.80504  -4.51724  0.0180   17.4 -12 ASASSN-15od Ia
57242.6300  70.97162  -9.70312  0.0260   15.6   0 ASASSN-15nx II-pec
57240.3300 250.11675  39.32021  0.0307   16.8  -3 ASASSN-15ns Ia
57240.3700 261.67433  13.90985  0.0232   16.8  -5 ASASSN-15nr Ia-91T
57240.3800 259.33012  33.46202  0.0304   17.3  -7 ASASSN-15nq Ia
57240.2600 226.51104   7.56154  0.0377   17.1  -1 ASASSN-15np Ia
57237.2600 234.60599  46.90171  0.0430   16.4  21 ASASSN-15no Ic
57227.5900  28.07570  48.08813  0.0226   16.7   0 ASASSN-15nn Ia
57224.2500  11.13037  -3.01710  0.0541   17.2   3 ASASSN-15nh Ia
57227.0000 207.88188 -48.07604  0.0098   15.8   0 ASASSN-15ng IIP
57222.3100 216.18535  26.04809  0.0310   16.8   6 ASASSN-15mx Ia
57221.3200 222.61458   6.61991  0.0441   17.3   2 ASASSN-15ms Ia
57221.4300  75.44250 -13.73151  0.0249   17.0  -2 ASASSN-15mq Ia
57220.2700  14.68860 -14.06995  0.0370   16.7   0 ASASSN-15mp Ia
57216.3500 231.34792  29.17347  0.0215   17.5  -5 ASASSN-15mm II
57215.4600 300.75696 -21.91340  0.0186   16.9  12 ASASSN-15ml Ia
57215.2800 210.56517  33.66119  0.0344   16.4 -16 ASASSN-15mj Ib
57209.3200 210.81529  41.60328  0.0344   17.2   0 ASASSN-15mi Ia-91T
57212.3700 233.09502  41.84989  0.0430   17.1  -8 ASASSN-15mg Ia
57210.3200 213.59500   2.97527  0.0260   16.8  -3 ASASSN-15mf Ia
57208.6100  42.24821   3.16958  0.0139   15.8  -9 ASASSN-15mc Ia
57199.3600 309.02183 -73.10900  0.0126   17.3   0 ASASSN-15lx IIn
57196.3100  29.74879 -32.37180  0.0161   16.7  -9 ASASSN-15lv IIb
57193.3200 200.30375  40.26568  0.0350   17.1   0 ASASSN-15lu Ia
57193.6100  27.29300   5.63981  0.0177   15.1   4 ASASSN-15lp Ia
57192.5800  13.42228  18.09138  0.0150   16.0   0 ASASSN-15ln II
57192.5200 343.39121  19.70844  0.0400   16.7  10 ASASSN-15lo Ia
57189.3400 216.28332  62.89057  0.0261   16.1   3 ASASSN-15li Ia
57187.2500 330.56436 -61.65962  0.2326   17.0   9 ASASSN-15lh SLSN-I
57188.3500 198.88683   3.50064  0.0203   16.6 -11 ASASSN-15lg Ia
57188.3400 181.68983  67.15667  0.0084   16.2   0 ASASSN-15lf IIn
57184.3300 213.21342  35.71107  0.0279   16.5  -8 ASASSN-15la Ia
57185.0700 204.32779 -28.65654  0.0080   15.9   0 ASASSN-15kz IIP
57183.5700 334.04921  37.47392  0.0180   16.6  -8 ASASSN-15kx Ia
57179.9500 102.18279 -54.20463  0.0268   16.4  -7 ASASSN-15kq Ia
57180.9900 194.67402 -32.12389  0.0174   16.0  -4 ASASSN-15kp Ia
57180.0900 190.46063  -7.16998  0.0247   16.4  -1 ASASSN-15kn Ia
57178.2800 139.62942  74.31876  0.0099   14.7  -5 ASASSN-15kk Ia
57173.4300  29.54826 -39.54698  0.0185   17.1 -19 ASASSN-15kj Ic
57169.9900 130.05004  -4.59194  0.0143   16.0  -7 ASASSN-15kg Ia-91T
57168.3500 231.43671  59.35280  0.0454   17.0   8 ASASSN-15ke Ia
57164.3400 197.03804  27.82636  0.0230   17.1 -13 ASASSN-15jt Ia
57163.2100 162.65979  12.29700  0.0211   16.8  -3 ASASSN-15js Ia
57163.0800 152.91246 -31.65112  0.0095   15.6   0 ASASSN-15jp II
57162.1400 211.68612 -34.45484  0.0110   16.4   0 ASASSN-15jo Ia
57161.4100 260.28829  25.58208  0.0500   17.1   0 ASASSN-15jm Ia
57155.3900 230.67133  50.97651  0.0347   17.2 -10 ASASSN-15jl Ia
57159.3800 353.80983 -22.74002  0.0556   17.2   6 ASASSN-15ji Ia
57157.1500 161.73183  -2.32498  0.0360   16.9   0 ASASSN-15jg Ia
57154.4000 336.29615 -50.39654  0.0360   16.5  -9 ASASSN-15jf Ia
57155.3700 170.02666  34.12861  0.0357   17.2   0 ASASSN-15jb Ia
57155.4300  17.41264 -61.33287  0.0263   16.3  -4 ASASSN-15ja Ia
57150.0200 162.12625 -21.63554  0.0127   17.0  -1 ASASSN-15ir II
57153.3100 239.28395 -12.67330  0.0233   16.7  -5 ASASSN-15il Ia
57153.2400 165.51979   3.50074  0.0348   16.7   0 ASASSN-15ik IIn
57148.0700 149.99821  -2.88788  0.0198   16.5  -6 ASASSN-15ih Ia
57139.0000  93.71408 -42.79890  0.0250   16.4  -3 ASASSN-15ic Ia
57138.3800 337.40867 -65.46562  0.0330   17.2  -6 ASASSN-15hz Ia
57137.2100 302.50979  -0.73925  0.0250   16.4 -14 ASASSN-15hy Ia-pec
57138.1800 205.82054 -31.55579  0.0000   15.0 -11 ASASSN-15hx Ia
57136.1800 233.39296 -78.12318  0.0091   16.6   0 ASASSN-15hs IIn
57131.0600 137.34954  -4.72527  0.0460   16.9   0 ASASSN-15ho Ia
57132.0200  87.82788 -50.58606  0.0234   16.5  -5 ASASSN-15hh Ia
57131.3300 148.45258   9.19382  0.0298   16.9  -1 ASASSN-15hg Ia
57129.0500 157.37848 -35.25967  0.0062   14.9  -7 ASASSN-15hf Ia
57124.3400 247.89025 -67.86722  0.0159   16.6  -3 ASASSN-15he Ia
57127.2000 156.16175  -2.98551  0.0310   17.0   0 ASASSN-15hc Ia
57125.3100 220.63392 -13.46018  0.0340   17.0  -4 ASASSN-15gz Ia
57122.5400 214.09988  39.50251  0.0195   16.5   0 ASASSN-15gw Ia
57121.0500 101.33575 -34.89391  0.0240   16.4  -6 ASASSN-15gr Ia
57118.0500  92.87667 -16.48461  0.0189   16.4  -9 ASASSN-15go Ia
57111.2900 194.86372  14.17105  0.0066   15.6  -5 ASASSN-15ga Ia-91bg
57111.5700 203.85475   1.40916  0.0175   16.9   0 ASASSN-15fz II
57110.3800 297.59323 -14.29656  0.0250   16.9   8 ASASSN-15fy Ia
57106.5600 284.67007  43.46886  0.0290   16.6  -8 ASASSN-15fs Ia
57105.3500 140.08517  -7.64077  0.0334   16.4  -4 ASASSN-15fr Ia-91T
57100.1200  85.05074 -38.81181  0.0360   17.0  -5 ASASSN-15fk Ia
57099.6300 257.53564  74.72850  0.0450   17.0   2 ASASSN-15fj Ia
57098.6300 247.95388  20.41077  0.0172   17.2   0 ASASSN-15fi II
57098.6300 257.44179  62.97417  0.0274   16.2  -6 ASASSN-15fa Ia
57082.5900 252.10484  50.99187  0.0490   17.1   0 ASASSN-15ed Ibn
57079.3300 121.53083 -22.56357  0.0165   16.0   0 ASASSN-15eb Ia
57073.5900 250.33696   8.90879  0.0322   17.0  -5 ASASSN-15dz Ia
57068.4600 158.87383  34.57324  0.0363   17.3 -11 ASASSN-15df Ia
57070.4000 172.20687  29.91459  0.0517   17.0  -6 ASASSN-15de Ia-91T
57068.5800 235.99613  19.21158  0.0244   17.1 -10 ASASSN-15dd Ia
57069.5400 225.37842  -0.54011  0.0416   17.2  -4 ASASSN-15dc Ia
57068.5800 236.74454  17.88404  0.0110   15.2  -5 ASASSN-15db Ia
57065.1500  80.96617 -24.70233  0.0480   17.3   0 ASASSN-15da Ia
57065.4800 173.85168  57.64988  0.0288   17.1  -9 ASASSN-15cz Ia
57061.5700 200.95192  43.29975  0.0273   16.0  -2 ASASSN-15cq Ia
57048.4600 149.81246  12.98841  0.0344   17.0  -1 ASASSN-15cd Ia
57043.5400 189.95929   3.79715  0.0400   16.8  -1 ASASSN-15cb Ia
57044.5800 221.23008  24.57881  0.0320   17.1  -9 ASASSN-15bo Ia
57045.6300 238.89729  66.72203  0.0280   16.7  -2 ASASSN-15bn Ia
57044.3600 226.46492  -5.62696  0.0210   16.9 -10 ASASSN-15bm Ia
57041.6200 236.05179  11.27122  0.0343   17.1  -1 ASASSN-15bk Ia
57041.1200  69.67125 -41.62395  0.0485   17.3   8 ASASSN-15bf Ia
57041.0700  43.19329 -34.31459  0.0219   16.4 -10 ASASSN-15be Ia
57039.6300 238.65971  16.61057  0.0079   16.6   0 ASASSN-15bd IIb
57038.3100  61.56100  -8.88563  0.0367   16.9  -7 ASASSN-15bc Ia
57038.2700 195.27658 -36.60005  0.0159   16.8  -2 ASASSN-15bb II
57037.6400 211.22954   8.92070  0.0231   16.4  -5 ASASSN-15ba Ia
57036.4600 167.15666 -10.24940  0.0283   16.7  -1 ASASSN-15az Ia
57035.4400 144.81896   6.43015  0.0300   16.3  -1 ASASSN-15as Ia
57035.2800  37.08483  10.38440  0.0288   17.0  -6 ASASSN-15ar Ia
57032.3300  74.45679 -21.59281  0.0300   16.9   0 ASASSN-15al Ia
57031.2200   3.00644  26.39369  0.0150   15.1   0 ASASSN-15ak Ia-91
57030.3000 163.22192 -32.92635  0.0109   15.0  -3 ASASSN-15aj Ia
57023.6300 237.77420  34.43217  0.0312   16.9  -5 ASASSN-15ae Ia
57020.1800  95.93696 -16.09750  0.0240   16.6  -4 ASASSN-15ad Ia
57024.3300 210.77640 -38.47530  0.0178   16.4   0 ASASSN-15ab IIn
57021.2900 174.62492  -8.97661  0.0205   16.5  -3 ASASSN-14my Ia
57020.0800  25.35483 -65.61702  0.0274   16.8  -5 ASASSN-14mw Ia
57020.3900 141.57188  45.49033  0.0272   16.5   3 ASASSN-14mu Ia
57017.6100 196.03621  52.31292  0.0000   16.5   0 ASASSN-14ms Ib
57009.1100  43.49208 -21.64802  0.0310   16.6  14 ASASSN-14mg Ia
57007.0500   1.22691 -32.43740  0.0311   16.7  -6 ASASSN-14mf Ia
57007.0800  21.66757 -57.99719  0.0180   16.5 -15 ASASSN-14me Ia
57004.2700 358.78804  10.21506  0.0137   16.9   0 ASASSN-14ma IIP
57003.0700  16.70488 -46.98332  0.0160   16.5  -8 ASASSN-14lw Ia
57003.0500 353.03071 -41.26993  0.0492   17.2   7 ASASSN-14lv Ia
57000.6500 212.66467  -2.68222  0.0170   16.4   0 ASASSN-14lu Ia
57001.3700  47.76058 -13.11077  0.0320   16.5  -6 ASASSN-14lt Ia
57000.2100 344.33088 -20.96688  0.0262   16.4   4 ASASSN-14lq Ia-91T
57000.6100 191.28792  -0.45903  0.0051   14.3   0 ASASSN-14lp Ia
56999.5800 177.97163  18.54195  0.0199   16.2  -4 ASASSN-14lo Ia
56984.6400 193.55479  -7.64929  0.0140   15.6  27 ASASSN-14kr Ia
56984.0700 356.31463 -29.78364  0.0336   16.8  -6 ASASSN-14kq Ia
56983.0900   9.96908 -38.06451  0.0230   16.8  -5 ASASSN-14kp II
56975.2800  81.32554 -46.00565  0.0425   17.0   0 ASASSN-14ko IIn
56978.3600  26.15992  35.80568  0.0145   16.4   0 ASASSN-14kg II
56973.2800 343.35396   4.79925  0.0260   16.8  -8 ASASSN-14kd Ia
56971.0300 281.18475 -52.80152  0.0120   15.8  -9 ASASSN-14jz Ia
56960.5100 130.18446  57.25136  0.0175   16.7  10 ASASSN-14jh II
56959.0500 353.30759 -60.57013  0.0148   14.9   0 ASASSN-14jg Ia
56949.3400 113.89703 -62.77018  0.0113   16.3  -4 ASASSN-14jc Ia
56949.0900 335.81717 -28.97522  0.0060   16.9   0 ASASSN-14jb IIP
56944.0600 305.45767 -31.28522  0.0193   17.0  -2 ASASSN-14iz IIP
56942.6100 137.66471  50.38007  0.0169   15.8   0 ASASSN-14iu Ia
56934.2900 276.12510  52.44150  0.0330   16.4  -8 ASASSN-14in Ia
56931.1100  11.38562 -14.25961  0.0220   16.5   0 ASASSN-14il IIn
56922.1400 334.16992 -36.16109  0.0308   16.6  -2 ASASSN-14ii Ia
56919.1400 338.62429 -24.66455  0.0335   16.6   6 ASASSN-14ih Ia
56921.3300  19.02063 -61.62106  0.0290   16.7   3 ASASSN-14ig Ia
56927.3700 100.86177 -69.63733  0.0150   16.0  -6 ASASSN-14hu Ia
56925.3900  27.67179 -14.51799  0.0336   16.5  -7 ASASSN-14hr Ia
56922.1300 322.63092 -70.64288  0.0389   16.7  -7 ASASSN-14hp Ia
56910.2900  65.00588 -54.93806  0.0050   14.6   0 ASASSN-14ha II
56902.4700  14.94929  -7.57183  0.0055   15.5   0 ASASSN-14gm II
56897.2900 258.78896  41.81092  0.0200   16.8  -5 ASASSN-14gh Ia
56887.4700 357.27801  -7.04905  0.0272   16.9   6 ASASSN-14fw Ia
56884.4900 308.52680  -1.96766  0.0200   15.8   1 ASASSN-14fo Ia
56881.2400 220.16458  38.63293  0.0125   16.8   0 ASASSN-14fj II
56876.9800 191.56153 -40.81459  0.0154   16.6   0 ASASSN-14fd IIn
56874.3100  43.09608 -31.82167  0.0226   16.1  -6 ASASSN-14fa Ia
56873.0500 305.50311 -51.79583  0.0196   15.9  -7 ASASSN-14ew Ia
56870.0200 225.15350  -3.84692  0.0227   16.6  -1 ASASSN-14eu Ia-00cx
56865.2800 218.75731  26.54414  0.0307   17.0   2 ASASSN-14es Ia
56865.2100 230.93357  68.63212  0.0228   16.7  -2 ASASSN-14ep Ia
56864.5700  29.40299  16.77245  0.0268   16.0  -3 ASASSN-14eo Ia
56862.2700 210.45829  34.36186  0.0351   17.3  -2 ASASSN-14em Ia
56858.2700 333.04463 -27.82871  0.0287   16.6   9 ASASSN-14ef Ia
56851.3100 226.47718  12.74537  0.0222   15.7   0 ASASSN-14dz Ia
56846.4800 329.49988  24.26892  0.0104   15.7   0 ASASSN-14dq II
56845.0600 170.49303 -37.90682  0.0092   16.2  -1 ASASSN-14dp II
56838.0300 185.46410 -24.16499  0.0139   16.6  -6 ASASSN-14dl II
56835.5900  30.44245  26.54660  0.0167   16.4   5 ASASSN-14di II
56831.2900 160.16389  39.06463  0.0293   16.4 -10 ASASSN-14de Ic
56832.9500 116.31098 -71.40399  0.0177   15.6  -7 ASASSN-14dd Ibn
56832.6100  34.65859  33.61621  0.0440   15.8   4 ASASSN-14dc Ia+CSM
56830.2800 330.50762 -70.04107  0.0375   16.3   5 ASASSN-14db Ia
56826.0400 191.76086 -24.24493  0.0248   17.2   0 ASASSN-14cu Ia
56825.3600 239.37395   1.10944  0.0333   16.9   7 ASASSN-14co Ia
56815.3300 197.06022  62.03404  0.0336   16.7  -2 ASASSN-14cb Ia
56806.3100 169.67095  25.16663  0.0254   17.1   0 ASASSN-14bu II
56804.2800 154.83226  58.50546  0.0289   17.1  -6 ASASSN-14bt Ia
56798.3700 209.55295  17.53240  0.0224   17.0  14 ASASSN-14bf IIP
56799.3500 193.18687  26.47031  0.0214   17.0  -5 ASASSN-14bd Ia-91bg
56796.3300 183.54731  38.66132  0.0230   16.0  -2 ASASSN-14bb Ia
56796.2900 155.38216   8.40518  0.0327   16.6   1 ASASSN-14ba Ia-91T
56797.5900 356.20021  -2.11726  0.0067   14.5   0 ASASSN-14az IIb
56796.5500 239.26245  37.41566  0.0309   16.2  -2 ASASSN-14ay Ia
56781.4700 257.50285  27.10559  0.0330   16.5  -5 ASASSN-14ax Ia
56781.4700 268.77213  18.25762  0.0104   16.7   0 ASASSN-14at II
56778.3700 194.39213  35.52660  0.0374   16.9   8 ASASSN-14as Ia
56771.2800 137.42367  37.60211  0.0230   16.2  -5 ASASSN-14ar Ia-91bg
56683.4700 190.04626  18.05910  0.0264   16.8  -6 ASASSN-14ad Ia
56641.6000 193.24321  32.41814  0.0228   15.7   0 ASASSN-13dn II
56630.8600  45.54595  15.92720  0.0170   15.9   0 ASASSN-13dm Ia
56575.5100 114.70554  58.21200  0.0270   16.8   2 ASASSN-13dl Ia
56559.6300 136.90340   3.39407  0.0126   15.2  -2 ASASSN-13dd Ia
56536.4300  10.04225 -10.44053  0.0272   17.0   7 ASASSN-13cu Ia
56534.2400 233.45537  21.13897  0.0236   16.6  -1 ASASSN-13cp Ia
56533.3900 325.16007   6.51010  0.0231   16.9  -3 ASASSN-13co IIP
56531.2700 244.29615   4.55408  0.0180   15.3  -3 ASASSN-13cj Ia
56532.2400 244.14156  -0.59092  0.0165   16.1  -2 ASASSN-13ch Ia
56523.6200  83.19423 -14.04618  0.0104   15.6   0 ASASSN-13cc Ia
56477.5600  28.83695   6.60941  0.0174   16.1  -1 ASASSN-13bb Ia
56474.4000 259.87542  47.70094  0.0168   16.1  -8 ASASSN-13aw Ia
56469.4700 321.63266  12.18022  0.0173   16.0  -3 ASASSN-13av Ia
56460.6100  19.67456  -7.44498  0.0177   15.2  -4 ASASSN-13ar Ia
56448.3400 206.40090  -7.32569  0.0216   16.5   0 ASASSN-13an Ia
